09 30 78 30 30 30 30 3a 20 20 34 35 30 30 20 30
34 36 63 20 64 37 38 61 20 34 30 30 30 20 34 30
30 36 20 31 63 36 31 20 63 30 61 38 20 37 30 30
32 20 20 45 2e 2e 6c 2e 2e 40 2e 40 2e 2e 61 2e
2e 70 2e 0a 09 30 78 30 30 31 30 3a 20 20 34 66
62 33 20 63 32 34 32 20 30 30 31 36 20 62 36 64
38 20 34 33 38 64 20 62 32 64 65 20 35 34 61 31
20 66 31 39 36 20 20 4f 2e 2e 42 2e 2e 2e 2e 43
2e 2e 2e 54 2e 2e 2e 0a 09 30 78 30 30 32 30 3a
20 20 38 30 31 38 20 30 31 66 65 20 34 36 66 66
20 30 30 30 30 20 30 31 30 31 20 30 38 30 61 20
36 61 63 66 20 66 62 35 38 20 20 2e 2e 2e 2e 46
2e 2e 2e 2e 2e 2e 2e 6a 2e 2e 58 0a 09 30 78 30
30 33 30 3a 20 20 38 64 37 32 20 34 66 30 62 20
30 30 30 30 20 30 34 33 34 20 30 36 31 34 20 38
62 37 37 20 37 39 31 30 20 30 38 66 64 20 20 2e
72 4f 2e 2e 2e 2e 34 2e 2e 2e 77 79 2e 2e 2e 0a
09 30 78 30 30 34 30 3a 20 20 31 32 32 37 20 33
32 34 61 20 32 33 38 36 20 35 31 36 33 20 62 31
38 33 20 30 30 30 30 20 30 31 30 32 20 36 33 37
35 20 20 2e 27 32 4a 23 2e 51 63 2e 2e 2e 2e 2e
2e 63 75 0a 09 30 78 30 30 35 30 3a 20 20 37 32
37 36 20 36 35 33 32 20 33 35 33 35 20 33 31 33
39 20 32 64 37 33 20 36 38 36 31 20 33 32 33 35
20 33 36 32 63 20 20 72 76 65 32 35 35 31 39 2d
73 68 61 32 35 36 2c 0a 09 30 78 30 30 36 30 3a
20 20 36 33 37 35 20 37 32 37 36 20 36 35 33 32
20 33 35 33 35 20 33 31 33 39 20 32 64 37 33 20
36 38 36 31 20 33 32 33 35 20 20 63 75 72 76 65
32 35 35 31 39 2d 73 68 61 32 35 0a 09 30 78 30
30 37 30 3a 20 20 33 36 34 30 20 36 63 36 39 20
36 32 37 33 20 37 33 36 38 20 32 65 36 66 20 37
32 36 37 20 32 63 36 35 20 36 33 36 34 20 20 36
40 6c 69 62 73 73 68 2e 6f 72 67 2c 65 63 64 0a
09 30 78 30 30 38 30 3a 20 20 36 38 32 64 20 37
33 36 38 20 36 31 33 32 20 32 64 36 65 20 36 39
37 33 20 37 34 37 30 20 33 32 33 35 20 33 36 32
63 20 20 68 2d 73 68 61 32 2d 6e 69 73 74 70 32
35 36 2c 0a 09 30 78 30 30 39 30 3a 20 20 36 35
36 33 20 36 34 36 38 20 32 64 37 33 20 36 38 36
31 20 33 32 32 64 20 36 65 36 39 20 37 33 37 34
20 37 30 33 33 20 20 65 63 64 68 2d 73 68 61 32
2d 6e 69 73 74 70 33 0a 09 30 78 30 30 61 30 3a
20 20 33 38 33 34 20 32 63 36 35 20 36 33 36 34
20 36 38 32 64 20 37 33 36 38 20 36 31 33 32 20
32 64 36 65 20 36 39 37 33 20 20 38 34 2c 65 63
64 68 2d 73 68 61 32 2d 6e 69 73 0a 09 30 78 30
30 62 30 3a 20 20 37 34 37 30 20 33 35 33 32 20
33 31 32 63 20 36 34 36 39 20 36 36 36 36 20 36
39 36 35 20 32 64 36 38 20 36 35 36 63 20 20 74
70 35 32 31 2c 64 69 66 66 69 65 2d 68 65 6c 0a
09 30 78 30 30 63 30 3a 20 20 36 63 36 64 20 36
31 36 65 20 32 64 36 37 20 37 32 36 66 20 37 35
37 30 20 32 64 36 35 20 37 38 36 33 20 36 38 36
31 20 20 6c 6d 61 6e 2d 67 72 6f 75 70 2d 65 78
63 68 61 0a 09 30 78 30 30 64 30 3a 20 20 36 65
36 37 20 36 35 32 64 20 37 33 36 38 20 36 31 33
32 20 33 35 33 36 20 32 63 36 34 20 36 39 36 36
20 36 36 36 39 20 20 6e 67 65 2d 73 68 61 32 35
36 2c 64 69 66 66 69 0a 09 30 78 30 30 65 30 3a
20 20 36 35 32 64 20 36 38 36 35 20 36 63 36 63
20 36 64 36 31 20 36 65 32 64 20 36 37 37 32 20
36 66 37 35 20 37 30 33 31 20 20 65 2d 68 65 6c
6c 6d 61 6e 2d 67 72 6f 75 70 31 0a 09 30 78 30
30 66 30 3a 20 20 33 36 32 64 20 37 33 36 38 20
36 31 33 35 20 33 31 33 32 20 32 63 36 34 20 36
39 36 36 20 36 36 36 39 20 36 35 32 64 20 20 36
2d 73 68 61 35 31 32 2c 64 69 66 66 69 65 2d 0a
09 30 78 30 31 30 30 3a 20 20 36 38 36 35 20 36
63 36 63 20 36 64 36 31 20 36 65 32 64 20 36 37
37 32 20 36 66 37 35 20 37 30 33 31 20 33 38 32
64 20 20 68 65 6c 6c 6d 61 6e 2d 67 72 6f 75 70
31 38 2d 0a 09 30 78 30 31 31 30 3a 20 20 37 33
36 38 20 36 31 33 35 20 33 31 33 32 20 32 63 36
34 20 36 39 36 36 20 36 36 36 39 20 36 35 32 64
20 36 38 36 35 20 20 73 68 61 35 31 32 2c 64 69
66 66 69 65 2d 68 65 0a 09 30 78 30 31 32 30 3a
20 20 36 63 36 63 20 36 64 36 31 20 36 65 32 64
20 36 37 37 32 20 36 66 37 35 20 37 30 33 31 20
33 34 32 64 20 37 33 36 38 20 20 6c 6c 6d 61 6e
2d 67 72 6f 75 70 31 34 2d 73 68 0a 09 30 78 30
31 33 30 3a 20 20 36 31 33 32 20 33 35 33 36 20
32 63 36 34 20 36 39 36 36 20 36 36 36 39 20 36
35 32 64 20 36 38 36 35 20 36 63 36 63 20 20 61
32 35 36 2c 64 69 66 66 69 65 2d 68 65 6c 6c 0a
09 30 78 30 31 34 30 3a 20 20 36 64 36 31 20 36
65 32 64 20 36 37 37 32 20 36 66 37 35 20 37 30
33 31 20 33 34 32 64 20 37 33 36 38 20 36 31 33
31 20 20 6d 61 6e 2d 67 72 6f 75 70 31 34 2d 73
68 61 31 0a 09 30 78 30 31 35 30 3a 20 20 30 30
30 30 20 30 30 34 31 20 37 33 37 33 20 36 38 32
64 20 37 32 37 33 20 36 31 32 63 20 37 32 37 33
20 36 31 32 64 20 20 2e 2e 2e 41 73 73 68 2d 72
73 61 2c 72 73 61 2d 0a 09 30 78 30 31 36 30 3a
20 20 37 33 36 38 20 36 31 33 32 20 32 64 33 35
20 33 31 33 32 20 32 63 37 32 20 37 33 36 31 20
32 64 37 33 20 36 38 36 31 20 20 73 68 61 32 2d
35 31 32 2c 72 73 61 2d 73 68 61 0a 09 30 78 30
31 37 30 3a 20 20 33 32 32 64 20 33 32 33 35 20
33 36 32 63 20 36 35 36 33 20 36 34 37 33 20 36
31 32 64 20 37 33 36 38 20 36 31 33 32 20 20 32
2d 32 35 36 2c 65 63 64 73 61 2d 73 68 61 32 0a
09 30 78 30 31 38 30 3a 20 20 32 64 36 65 20 36
39 37 33 20 37 34 37 30 20 33 32 33 35 20 33 36
32 63 20 37 33 37 33 20 36 38 32 64 20 36 35 36
34 20 20 2d 6e 69 73 74 70 32 35 36 2c 73 73 68
2d 65 64 0a 09 30 78 30 31 39 30 3a 20 20 33 32
33 35 20 33 35 33 31 20 33 39 30 30 20 30 30 30
30 20 36 63 36 33 20 36 38 36 31 20 36 33 36 38
20 36 31 33 32 20 20 32 35 35 31 39 2e 2e 2e 6c
63 68 61 63 68 61 32 0a 09 30 78 30 31 61 30 3a
20 20 33 30 32 64 20 37 30 36 66 20 36 63 37 39
20 33 31 33 33 20 33 30 33 35 20 34 30 36 66 20
37 30 36 35 20 36 65 37 33 20 20 30 2d 70 6f 6c
79 31 33 30 35 40 6f 70 65 6e 73 0a 09 30 78 30
31 62 30 3a 20 20 37 33 36 38 20 32 65 36 33 20
36 66 36 64 20 32 63 36 31 20 36 35 37 33 20 33
31 33 32 20 33 38 32 64 20 36 33 37 34 20 20 73
68 2e 63 6f 6d 2c 61 65 73 31 32 38 2d 63 74 0a
09 30 78 30 31 63 30 3a 20 20 37 32 32 63 20 36
31 36 35 20 37 33 33 31 20 33 39 33 32 20 32 64
36 33 20 37 34 37 32 20 32 63 36 31 20 36 35 37
33 20 20 72 2c 61 65 73 31 39 32 2d 63 74 72 2c
61 65 73 0a 09 30 78 30 31 64 30 3a 20 20 33 32
33 35 20 33 36 32 64 20 36 33 37 34 20 37 32 32
63 20 36 31 36 35 20 37 33 33 31 20 33 32 33 38
20 32 64 36 37 20 20 32 35 36 2d 63 74 72 2c 61
65 73 31 32 38 2d 67 0a 09 30 78 30 31 65 30 3a
20 20 36 33 36 64 20 34 30 36 66 20 37 30 36 35
20 36 65 37 33 20 37 33 36 38 20 32 65 36 33 20
36 66 36 64 20 32 63 36 31 20 20 63 6d 40 6f 70
65 6e 73 73 68 2e 63 6f 6d 2c 61 0a 09 30 78 30
31 66 30 3a 20 20 36 35 37 33 20 33 32 33 35 20
33 36 32 64 20 36 37 36 33 20 36 64 34 30 20 36
66 37 30 20 36 35 36 65 20 37 33 37 33 20 20 65
73 32 35 36 2d 67 63 6d 40 6f 70 65 6e 73 73 0a
09 30 78 30 32 30 30 3a 20 20 36 38 32 65 20 36
33 36 66 20 36 64 30 30 20 30 30 30 30 20 36 63
36 33 20 36 38 36 31 20 36 33 36 38 20 36 31 33
32 20 20 68 2e 63 6f 6d 2e 2e 2e 6c 63 68 61 63
68 61 32 0a 09 30 78 30 32 31 30 3a 20 20 33 30
32 64 20 37 30 36 66 20 36 63 37 39 20 33 31 33
33 20 33 30 33 35 20 34 30 36 66 20 37 30 36 35
20 36 65 37 33 20 20 30 2d 70 6f 6c 79 31 33 30
35 40 6f 70 65 6e 73 0a 09 30 78 30 32 32 30 3a
20 20 37 33 36 38 20 32 65 36 33 20 36 66 36 64
20 32 63 36 31 20 36 35 37 33 20 33 31 33 32 20
33 38 32 64 20 36 33 37 34 20 20 73 68 2e 63 6f
6d 2c 61 65 73 31 32 38 2d 63 74 0a 09 30 78 30
32 33 30 3a 20 20 37 32 32 63 20 36 31 36 35 20
37 33 33 31 20 33 39 33 32 20 32 64 36 33 20 37
34 37 32 20 32 63 36 31 20 36 35 37 33 20 20 72
2c 61 65 73 31 39 32 2d 63 74 72 2c 61 65 73 0a
09 30 78 30 32 34 30 3a 20 20 33 32 33 35 20 33
36 32 64 20 36 33 37 34 20 37 32 32 63 20 36 31
36 35 20 37 33 33 31 20 33 32 33 38 20 32 64 36
37 20 20 32 35 36 2d 63 74 72 2c 61 65 73 31 32
38 2d 67 0a 09 30 78 30 32 35 30 3a 20 20 36 33
36 64 20 34 30 36 66 20 37 30 36 35 20 36 65 37
33 20 37 33 36 38 20 32 65 36 33 20 36 66 36 64
20 32 63 36 31 20 20 63 6d 40 6f 70 65 6e 73 73
68 2e 63 6f 6d 2c 61 0a 09 30 78 30 32 36 30 3a
20 20 36 35 37 33 20 33 32 33 35 20 33 36 32 64
20 36 37 36 33 20 36 64 34 30 20 36 66 37 30 20
36 35 36 65 20 37 33 37 33 20 20 65 73 32 35 36
2d 67 63 6d 40 6f 70 65 6e 73 73 0a 09 30 78 30
32 37 30 3a 20 20 36 38 32 65 20 36 33 36 66 20
36 64 30 30 20 30 30 30 30 20 64 35 37 35 20 36
64 36 31 20 36 33 32 64 20 33 36 33 34 20 20 68
2e 63 6f 6d 2e 2e 2e 2e 75 6d 61 63 2d 36 34 0a
09 30 78 30 32 38 30 3a 20 20 32 64 36 35 20 37
34 36 64 20 34 30 36 66 20 37 30 36 35 20 36 65
37 33 20 37 33 36 38 20 32 65 36 33 20 36 66 36
64 20 20 2d 65 74 6d 40 6f 70 65 6e 73 73 68 2e
63 6f 6d 0a 09 30 78 30 32 39 30 3a 20 20 32 63
37 35 20 36 64 36 31 20 36 33 32 64 20 33 31 33
32 20 33 38 32 64 20 36 35 37 34 20 36 64 34 30
20 36 66 37 30 20 20 2c 75 6d 61 63 2d 31 32 38
2d 65 74 6d 40 6f 70 0a 09 30 78 30 32 61 30 3a
20 20 36 35 36 65 20 37 33 37 33 20 36 38 32 65
20 36 33 36 66 20 36 64 32 63 20 36 38 36 64 20
36 31 36 33 20 32 64 37 33 20 20 65 6e 73 73 68
2e 63 6f 6d 2c 68 6d 61 63 2d 73 0a 09 30 78 30
32 62 30 3a 20 20 36 38 36 31 20 33 32 32 64 20
33 32 33 35 20 33 36 32 64 20 36 35 37 34 20 36
64 34 30 20 36 66 37 30 20 36 35 36 65 20 20 68
61 32 2d 32 35 36 2d 65 74 6d 40 6f 70 65 6e 0a
09 30 78 30 32 63 30 3a 20 20 37 33 37 33 20 36
38 32 65 20 36 33 36 66 20 36 64 32 63 20 36 38
36 64 20 36 31 36 33 20 32 64 37 33 20 36 38 36
31 20 20 73 73 68 2e 63 6f 6d 2c 68 6d 61 63 2d
73 68 61 0a 09 30 78 30 32 64 30 3a 20 20 33 32
32 64 20 33 35 33 31 20 33 32 32 64 20 36 35 37
34 20 36 64 34 30 20 36 66 37 30 20 36 35 36 65
20 37 33 37 33 20 20 32 2d 35 31 32 2d 65 74 6d
40 6f 70 65 6e 73 73 0a 09 30 78 30 32 65 30 3a
20 20 36 38 32 65 20 36 33 36 66 20 36 64 32 63
20 36 38 36 64 20 36 31 36 33 20 32 64 37 33 20
36 38 36 31 20 33 31 32 64 20 20 68 2e 63 6f 6d
2c 68 6d 61 63 2d 73 68 61 31 2d 0a 09 30 78 30
32 66 30 3a 20 20 36 35 37 34 20 36 64 34 30 20
36 66 37 30 20 36 35 36 65 20 37 33 37 33 20 36
38 32 65 20 36 33 36 66 20 36 64 32 63 20 20 65
74 6d 40 6f 70 65 6e 73 73 68 2e 63 6f 6d 2c 0a
09 30 78 30 33 30 30 3a 20 20 37 35 36 64 20 36
31 36 33 20 32 64 33 36 20 33 34 34 30 20 36 66
37 30 20 36 35 36 65 20 37 33 37 33 20 36 38 32
65 20 20 75 6d 61 63 2d 36 34 40 6f 70 65 6e 73
73 68 2e 0a 09 30 78 30 33 31 30 3a 20 20 36 33
36 66 20 36 64 32 63 20 37 35 36 64 20 36 31 36
33 20 32 64 33 31 20 33 32 33 38 20 34 30 36 66
20 37 30 36 35 20 20 63 6f 6d 2c 75 6d 61 63 2d
31 32 38 40 6f 70 65 0a 09 30 78 30 33 32 30 3a
20 20 36 65 37 33 20 37 33 36 38 20 32 65 36 33
20 36 66 36 64 20 32 63 36 38 20 36 64 36 31 20
36 33 32 64 20 37 33 36 38 20 20 6e 73 73 68 2e
63 6f 6d 2c 68 6d 61 63 2d 73 68 0a 09 30 78 30
33 33 30 3a 20 20 36 31 33 32 20 32 64 33 32 20
33 35 33 36 20 32 63 36 38 20 36 64 36 31 20 36
33 32 64 20 37 33 36 38 20 36 31 33 32 20 20 61
32 2d 32 35 36 2c 68 6d 61 63 2d 73 68 61 32 0a
09 30 78 30 33 34 30 3a 20 20 32 64 33 35 20 33
31 33 32 20 32 63 36 38 20 36 64 36 31 20 36 33
32 64 20 37 33 36 38 20 36 31 33 31 20 30 30 30
30 20 20 2d 35 31 32 2c 68 6d 61 63 2d 73 68 61
31 2e 2e 0a 09 30 78 30 33 35 30 3a 20 20 30 30
64 35 20 37 35 36 64 20 36 31 36 33 20 32 64 33
36 20 33 34 32 64 20 36 35 37 34 20 36 64 34 30
20 36 66 37 30 20 20 2e 2e 75 6d 61 63 2d 36 34
2d 65 74 6d 40 6f 70 0a 09 30 78 30 33 36 30 3a
20 20 36 35 36 65 20 37 33 37 33 20 36 38 32 65
20 36 33 36 66 20 36 64 32 63 20 37 35 36 64 20
36 31 36 33 20 32 64 33 31 20 20 65 6e 73 73 68
2e 63 6f 6d 2c 75 6d 61 63 2d 31 0a 09 30 78 30
33 37 30 3a 20 20 33 32 33 38 20 32 64 36 35 20
37 34 36 64 20 34 30 36 66 20 37 30 36 35 20 36
65 37 33 20 37 33 36 38 20 32 65 36 33 20 20 32
38 2d 65 74 6d 40 6f 70 65 6e 73 73 68 2e 63 0a
09 30 78 30 33 38 30 3a 20 20 36 66 36 64 20 32
63 36 38 20 36 64 36 31 20 36 33 32 64 20 37 33
36 38 20 36 31 33 32 20 32 64 33 32 20 33 35 33
36 20 20 6f 6d 2c 68 6d 61 63 2d 73 68 61 32 2d
32 35 36 0a 09 30 78 30 33 39 30 3a 20 20 32 64
36 35 20 37 34 36 64 20 34 30 36 66 20 37 30 36
35 20 36 65 37 33 20 37 33 36 38 20 32 65 36 33
20 36 66 36 64 20 20 2d 65 74 6d 40 6f 70 65 6e
73 73 68 2e 63 6f 6d 0a 09 30 78 30 33 61 30 3a
20 20 32 63 36 38 20 36 64 36 31 20 36 33 32 64
20 37 33 36 38 20 36 31 33 32 20 32 64 33 35 20
33 31 33 32 20 32 64 36 35 20 20 2c 68 6d 61 63
2d 73 68 61 32 2d 35 31 32 2d 65 0a 09 30 78 30
33 62 30 3a 20 20 37 34 36 64 20 34 30 36 66 20
37 30 36 35 20 36 65 37 33 20 37 33 36 38 20 32
65 36 33 20 36 66 36 64 20 32 63 36 38 20 20 74
6d 40 6f 70 65 6e 73 73 68 2e 63 6f 6d 2c 68 0a
09 30 78 30 33 63 30 3a 20 20 36 64 36 31 20 36
33 32 64 20 37 33 36 38 20 36 31 33 31 20 32 64
36 35 20 37 34 36 64 20 34 30 36 66 20 37 30 36
35 20 20 6d 61 63 2d 73 68 61 31 2d 65 74 6d 40
6f 70 65 0a 09 30 78 30 33 64 30 3a 20 20 36 65
37 33 20 37 33 36 38 20 32 65 36 33 20 36 66 36
64 20 32 63 37 35 20 36 64 36 31 20 36 33 32 64
20 33 36 33 34 20 20 6e 73 73 68 2e 63 6f 6d 2c
75 6d 61 63 2d 36 34 0a 09 30 78 30 33 65 30 3a
20 20 34 30 36 66 20 37 30 36 35 20 36 65 37 33
20 37 33 36 38 20 32 65 36 33 20 36 66 36 64 20
32 63 37 35 20 36 64 36 31 20 20 40 6f 70 65 6e
73 73 68 2e 63 6f 6d 2c 75 6d 61 0a 09 30 78 30
33 66 30 3a 20 20 36 33 32 64 20 33 31 33 32 20
33 38 34 30 20 36 66 37 30 20 36 35 36 65 20 37
33 37 33 20 36 38 32 65 20 36 33 36 66 20 20 63
2d 31 32 38 40 6f 70 65 6e 73 73 68 2e 63 6f 0a
09 30 78 30 34 30 30 3a 20 20 36 64 32 63 20 36
38 36 64 20 36 31 36 33 20 32 64 37 33 20 36 38
36 31 20 33 32 32 64 20 33 32 33 35 20 33 36 32
63 20 20 6d 2c 68 6d 61 63 2d 73 68 61 32 2d 32
35 36 2c 0a 09 30 78 30 34 31 30 3a 20 20 36 38
36 64 20 36 31 36 33 20 32 64 37 33 20 36 38 36
31 20 33 32 32 64 20 33 35 33 31 20 33 32 32 63
20 36 38 36 64 20 20 68 6d 61 63 2d 73 68 61 32
2d 35 31 32 2c 68 6d 0a 09 30 78 30 34 32 30 3a
20 20 36 31 36 33 20 32 64 37 33 20 36 38 36 31
20 33 31 30 30 20 30 30 30 30 20 31 35 36 65 20
36 66 36 65 20 36 35 32 63 20 20 61 63 2d 73 68
61 31 2e 2e 2e 2e 6e 6f 6e 65 2c 0a 09 30 78 30
34 33 30 3a 20 20 37 61 36 63 20 36 39 36 32 20
34 30 36 66 20 37 30 36 35 20 36 65 37 33 20 37
33 36 38 20 32 65 36 33 20 36 66 36 64 20 20 7a
6c 69 62 40 6f 70 65 6e 73 73 68 2e 63 6f 6d 0a
09 30 78 30 34 34 30 3a 20 20 30 30 30 30 20 30
30 31 35 20 36 65 36 66 20 36 65 36 35 20 32 63
37 61 20 36 63 36 39 20 36 32 34 30 20 36 66 37
30 20 20 2e 2e 2e 2e 6e 6f 6e 65 2c 7a 6c 69 62
40 6f 70 0a 09 30 78 30 34 35 30 3a 20 20 36 35
36 65 20 37 33 37 33 20 36 38 32 65 20 36 33 36
66 20 36 64 30 30 20 30 30 30 30 20 30 30 30 30
20 30 30 30 30 20 20 65 6e 73 73 68 2e 63 6f 6d
2e 2e 2e 2e 2e 2e 2e 0a 09 30 78 30 34 36 30 3a
20 20 30 30 30 30 20 30 30 30 30 20 30 30 30 30
20 30 30 30 30 20 30 30 30 30 20 30 30 30 30 20
20 20 20 20 20 20 20 20 20 20 20 2e 2e 2e 2e 2e
2e 2e 2e 2e 2e 2e 2e                           
